5
6
10
21
38
47
48
50
55
66
68
71
72
73
77
83
85
89
93
95
103
105
107
109
112
121
122
125
126
134
148
149
150
155
159
165
185
191
201
220
222
223
226
227
229
230
244
246
251
253
259
262
265
271
272
279
285
291
299
300
304
307
309
316
318
319
321
332
334
339
343
346
347
352
359
365
366
373
378
386
387
389
398
401
404
415
418
430
433
437
438
441
442
445
451
453
466
467
478
479
480
482
485
486
495
499
501
503
505
512
519
521
525
532
534
535
536
537
547
554
556
557
558
562
568
571
573
594
595
597
600
601
602
620
624
636
637
638
640
642
650
653
656
663
664
670
671
680
681
682
685
687
691
694
700
701
706
710
712
724
725
736
737
742
746
753
754
757
760
762
777
779
783
784
788
790
794
795
809
817
823
825
841
842
845
846
847
849
851
863
868
872
885
886
888
891
902
903
910
912
931
932
934
938
941
951
954
959
960
967
969
971
973
974
1003
1004
1010
1019
1028
1029
1038
1049
1057
1061
1066
1071
1075
1078
1080
1087
1088
1091
1096
1098
1101
1110
1114
1122
1126
1131
1132
1140
1141
1143
1144
1145
1153
1158
1160
1163
1165
1167
1168
1170
1171
1174
1175
1178
1180
1184
1192
1193
1195
1211
1213
1217
1233
1236
1239
1250
1256
1261
1271
1273
1281
1289
1291
1296
1298
1299
1305
1315
1327
1334
1338
1342
1348
1350
1355
1357
1388
1400
1403
1415
1416
1420
1422
1426
1431
1434
1442
1446
1454
1455
1457
1464
1484
1488
1499
1514
1518
1520
1526
1528
1530
1531
1532
1534
1543
1551
1556
1557
1558
1564
1565
1571
1574
1579
1586
1592
1606
1609
1612
1620
1621
1626
1632
1636
1638
1643
1657
1663
1665
1670
1673
1681
1688
1692
1694
1698
1704
1706
1709
1715
1716
1724
1733
1734
1737
1743
1746
1747
1750
1754
1755
1756
1761
1769
1776
1784
1795
1802
1804
1807
1808
1822
1827
1828
1836
1845
1854
1872
1876
1879
1891
1892
1893
1896
1897
1902
1904
1913
1921
1923
1924
1938
1952
1959
1960
1961
1962
1970
1978
1984
1986
1998
1999
2009
2010
2011
2021
2023
2026
2029
2040
2041
2044
2048
2049
2050
2057
2061
2068
2069
2072
2073
2084
2089
2091
2096
2102
2105
2110
2118
2127
2131
2132
2133
2138
2148
2156
2167
2168
2169
2175
2186
2197
2202
2204
2229
2230
2234
2235
2244
2252
2256
2257
2264
2266
2267
2271
2276
2285
2292
2294
2300
2302
2303
2316
2319
2332
2334
2342
2346
2348
2363
2364
2373
2376
2388
2396
2399
2400
2413
2418
2419
2420
2423
2424
2425
2431
2435
2436
2454
2458
2465
2467
2471
2477
2487
2491
2494
2496
2497
2505
2514
2523
2528
2541
2544
2547
2553
2554
2565
2567
2570
2578
2582
2586
2589
2592
2593
2612
2614
2617
2622
2623
2624
2626
2634
2640
2642
2643
2645
2648
2650
2661
2662
2666
2667
2683
2684
2699
2700
2701
2708
2723
2726
2727
2730
2733
2749
2750
2757
2758
2760
2778
2779
2780
2789
2790
2792
2797
2798
2802
2803
2805
2806
2807
2813
2821
2822
2823
2824
2827
2834
2838
2839
2840
2848
2849
2851
2859
2874
2877
2883
2886
2889
2891
2892
2897
2898
2907
2910
2914
2917
2928
2929
2930
2946
2958
2971
2973
2984
2999
3009
3025
3027
3030
3032
3041
3046
3050
3055
3058
3063
3064
3066
3085
3098
3100
3109
3114
3116
3118
3120
3133
3134
3151
3171
3172
3184
3185
3189
3198
3201
3213
3217
3221
3225
3226
3236
3247
3251
3254
3258
3269
3276
3279
3285
3289
3290
3294
3296
3298
3303
3304
3310
3326
3333
3338
3343
3348
3355
3360
3368
3375
3380
3385
3389
3390
3407
3414
3419
3421
3426
3428
3431
3433
3451
3465
3468
3471
3480
3481
3489
3492
3520
3522
3526
3534
3536
3538
3541
3544
3551
3555
3561
3572
3574
3575
3583
3585
3587
3599
3603
3604
3607
3608
3614
3619
3624
3631
3632
3641
3644
3648
3650
3652
3656
3661
3663
3665
3683
3684
3699
3701
3710
3711
3715
3719
3720
3721
3727
3730
3744
3745
3747
3751
3752
3754
3759
3761
3768
3778
3784
3787
3797
3801
3803
3806
3807
3813
3824
3828
3832
3833
3835
3838
3840
3842
3844
3851
3858
3859
3862
3874
3879
3880
3892
3896
3897
3911
3918
3919
3921
3923
3927
3933
3935
3936
3937
3942
3951
3954
3959
3965
3981
3982
3996
3998
4001
4003
4014
4017
4018
4020
4023
4034
4037
4041
4043
4044
4049
4056
4058
4084
4092
4093
4106
4110
4113
4119
4121
4129
4131
4134
4144
4149
4157
4159
4170
4172
4173
4177
4179
4184
4187
4190
4199
4204
4213
4220
4225
4230
4235
4251
4259
4260
4261
4268
4271
4293
4296
4300
4303
4318
4323
4324
4329
4342
4343
4349
4352
4357
4363
4364
4370
4372
4375
4376
4386
4387
4392
4393
4402
4420
4428
4434
4439
4441
4446
4448
4455
4456
4468
4470
4473
4487
4493
4494
4500
4501
4508
4509
4515
4523
4524
4535
4537
4557
4564
4572
4577
4582
4587
4591
4592
4605
4606
4614
4615
4624
4632
4640
4642
4646
4654
4655
4659
4664
4671
4672
4673
4676
4679
4680
4681
4685
4686
4688
4692
4703
4705
4706
4708
4709
4715
4720
4724
4733
4735
4744
4749
4757
4758
4761
4772
4775
4776
4779
4781
4782
4784
4785
4793
4797
4804
4811
4817
4819
4838
4839
4840
4845
4847
4848
4856
4868
4878
4882
4887
4903
4910
4918
4919
4925
4930
4933
4938
4940
4953
4959
4962
4964
4965
4968
4976
4978
4988
4994
4997
5003
5006
5016
5018
5030
5031
5040
5043
5052
5055
5058
5075
5078
5085
5086
5092
5096
5100
5104
5106
5109
5117
5127
5138
5142
5143
5144
5156
5165
5167
5168
5171
5174
5175
5181
5185
5202
5204
5205
5209
5213
5218
5232
5243
5248
5258
5264
5266
5274
5279
5283
5301
5308
5316
5336
5341
5344
5345
5359
5368
5374
5382
5384
5387
5390
5391
5392
5399
5400
5402
5405
5421
5430
5432
5442
5443
5448
5449
5453
5456
5464
5468
5477
5482
5484
5485
5496
5500
5503
5511
5513
5514
5522
5523
5531
5552
5556
5557
5559
5561
5563
5565
5567
5573
5575
5576
5583
5594
5597
5616
5623
5629
5637
5638
5639
5641
5651
5661
5662
5663
5675
5676
5686
5694
5696
5701
5703
5711
5714
5721
5735
5736
5738
5749
5750
5763
5772
5777
5779
5780
5781
5790
5791
5793
5794
5797
5803
5807
5809
5815
5818
5819
5827
5837
5840
5858
5864
5866
5868
5869
5872
5874
5878
5887
5904
5907
5909
5914
5917
5920
5937
5949
5951
5952
5955
5960
5966
5972
5977
5979
5983